12288256.png (192, 256, 1)
12288257.png (192, 256, 1)
12288258.png (192, 256, 1)
12288259.png (192, 256, 1)
12288260.png (192, 256, 1)
12288261.png (192, 256, 1)
12288262.png (192, 256, 1)
12288263.png (192, 256, 1)
12288264.png (192, 256, 1)
12288265.png (192, 256, 1)
12288266.png (192, 256, 1)
12288267.png (192, 256, 1)
12288268.png (192, 256, 1)
12288269.png (192, 256, 1)
12288270.png (192, 256, 1)
12288272.png (192, 256, 1)
12288273.png (192, 256, 1)
12288274.png (192, 256, 1)
12288275.png (192, 256, 1)
12288276.png (192, 256, 1)
12288277.png (192, 256, 1)
12288278.png (192, 256, 1)
12288279.png (192, 256, 1)
12288280.png (192, 256, 1)
12288281.png (192, 256, 1)
12288282.png (192, 256, 1)
12288283.png (192, 256, 1)
12288284.png (192, 256, 1)
12288285.png (192, 256, 1)
12288286.png (192, 256, 1)
12288287.png (192, 256, 1)
12288864.png (192, 256, 1)
12288865.png (192, 256, 1)
12288866.png (192, 256, 1)
12288867.png (192, 256, 1)
12288868.png (192, 256, 1)
12288869.png (192, 256, 1)
12288870.png (192, 256, 1)
12288871.png (192, 256, 1)
12288872.png (192, 256, 1)
12288873.png (192, 256, 1)
12288874.png (192, 256, 1)
12288875.png (192, 256, 1)
12288876.png (192, 256, 1)
12288877.png (192, 256, 1)
12288878.png (192, 256, 1)
12288879.png (192, 256, 1)
12288880.png (192, 256, 1)
12288881.png (192, 256, 1)
12288882.png (192, 256, 1)
12288883.png (192, 256, 1)
12288884.png (192, 256, 1)
12288885.png (192, 256, 1)
12288886.png (192, 256, 1)
12288887.png (192, 256, 1)
12288888.png (192, 256, 1)
12288889.png (192, 256, 1)
12288890.png (192, 256, 1)
12288891.png (192, 256, 1)
12288892.png (192, 256, 1)
12288893.png (192, 256, 1)
12288894.png (192, 256, 1)
12288895.png (192, 256, 1)
12289280.png (192, 256, 1)
12289281.png (192, 256, 1)
12289282.png (192, 256, 1)
12289283.png (192, 256, 1)
12289284.png (192, 256, 1)
12289285.png (192, 256, 1)
12289286.png (192, 256, 1)
12289287.png (192, 256, 1)
12289288.png (192, 256, 1)
12289289.png (192, 256, 1)
12289290.png (192, 256, 1)
12289291.png (192, 256, 1)
12289292.png (192, 256, 1)
12289293.png (192, 256, 1)
12289294.png (192, 256, 1)
12289295.png (192, 256, 1)
12289296.png (192, 256, 1)
12289297.png (192, 256, 1)
12289298.png (192, 256, 1)
12289299.png (192, 256, 1)
12289300.png (192, 256, 1)
12289301.png (192, 256, 1)
12289302.png (192, 256, 1)
12289303.png (192, 256, 1)
12289304.png (192, 256, 1)
12289305.png (192, 256, 1)
12289306.png (192, 256, 1)
12289307.png (192, 256, 1)
12289308.png (192, 256, 1)
12289309.png (192, 256, 1)
12289310.png (192, 256, 1)
12289311.png (192, 256, 1)
12289824.png (192, 256, 1)
12289825.png (192, 256, 1)
12289826.png (192, 256, 1)
12289827.png (192, 256, 1)
12289828.png (192, 256, 1)
12289829.png (192, 256, 1)
12289830.png (192, 256, 1)
12289831.png (192, 256, 1)
12289832.png (192, 256, 1)
12289833.png (192, 256, 1)
12289834.png (192, 256, 1)
12289835.png (192, 256, 1)
12289836.png (192, 256, 1)
12289837.png (192, 256, 1)
12289838.png (192, 256, 1)
12289839.png (192, 256, 1)
12289840.png (192, 256, 1)
12289841.png (192, 256, 1)
12289842.png (192, 256, 1)
12289843.png (192, 256, 1)
12289844.png (192, 256, 1)
12289845.png (192, 256, 1)
12289846.png (192, 256, 1)
12289847.png (192, 256, 1)
12289848.png (192, 256, 1)
12289849.png (192, 256, 1)
12289850.png (192, 256, 1)
12289851.png (192, 256, 1)
12289852.png (192, 256, 1)
12289853.png (192, 256, 1)
12289854.png (192, 256, 1)
12289855.png (192, 256, 1)
12290496.png (192, 256, 1)
12290497.png (192, 256, 1)
12290498.png (192, 256, 1)
12290499.png (192, 256, 1)
12290500.png (192, 256, 1)
12290501.png (192, 256, 1)
12290502.png (192, 256, 1)
12290503.png (192, 256, 1)
12290504.png (192, 256, 1)
12290505.png (192, 256, 1)
12290506.png (192, 256, 1)
12290507.png (192, 256, 1)
12290508.png (192, 256, 1)
12290509.png (192, 256, 1)
12290510.png (192, 256, 1)
12290511.png (192, 256, 1)
12290512.png (192, 256, 1)
12290513.png (192, 256, 1)
12290514.png (192, 256, 1)
12290515.png (192, 256, 1)
12290516.png (192, 256, 1)
12290517.png (192, 256, 1)
12290518.png (192, 256, 1)
12290519.png (192, 256, 1)
12290520.png (192, 256, 1)
12290521.png (192, 256, 1)
12290522.png (192, 256, 1)
12290523.png (192, 256, 1)
12290524.png (192, 256, 1)
12290525.png (192, 256, 1)
12290526.png (192, 256, 1)
12290527.png (192, 256, 1)
12291904.png (192, 256, 1)
12291905.png (192, 256, 1)
12291906.png (192, 256, 1)
12291907.png (192, 256, 1)
12291908.png (192, 256, 1)
12291909.png (192, 256, 1)
12291910.png (192, 256, 1)
12291911.png (192, 256, 1)
12291912.png (192, 256, 1)
12291913.png (192, 256, 1)
12291914.png (192, 256, 1)
12291915.png (192, 256, 1)
12291916.png (192, 256, 1)
12291917.png (192, 256, 1)
12291918.png (192, 256, 1)
12291919.png (192, 256, 1)
12291920.png (192, 256, 1)
12291921.png (192, 256, 1)
12291922.png (192, 256, 1)
12291923.png (192, 256, 1)
12291924.png (192, 256, 1)
12291925.png (192, 256, 1)
12291926.png (192, 256, 1)
12291927.png (192, 256, 1)
12291928.png (192, 256, 1)
12291929.png (192, 256, 1)
12291930.png (192, 256, 1)
12291931.png (192, 256, 1)
12291932.png (192, 256, 1)
12291933.png (192, 256, 1)
12291934.png (192, 256, 1)
12291935.png (192, 256, 1)
12292320.png (192, 256, 1)
12292321.png (192, 256, 1)
12292322.png (192, 256, 1)
12292323.png (192, 256, 1)
12292324.png (192, 256, 1)
12292325.png (192, 256, 1)
12292326.png (192, 256, 1)
12292327.png (192, 256, 1)
12292328.png (192, 256, 1)
12292329.png (192, 256, 1)
12292330.png (192, 256, 1)
12292331.png (192, 256, 1)
12292332.png (192, 256, 1)
12292333.png (192, 256, 1)
12292334.png (192, 256, 1)
12292335.png (192, 256, 1)
12292336.png (192, 256, 1)
12292337.png (192, 256, 1)
12292338.png (192, 256, 1)
12292339.png (192, 256, 1)
12292340.png (192, 256, 1)
12292341.png (192, 256, 1)
12292342.png (192, 256, 1)
12292343.png (192, 256, 1)
12292344.png (192, 256, 1)
12292345.png (192, 256, 1)
12292346.png (192, 256, 1)
12292347.png (192, 256, 1)
12292348.png (192, 256, 1)
12292349.png (192, 256, 1)
12292350.png (192, 256, 1)
12292351.png (192, 256, 1)
12292640.png (192, 256, 1)
12292641.png (192, 256, 1)
12292642.png (192, 256, 1)
12292643.png (192, 256, 1)
12292644.png (192, 256, 1)
12292645.png (192, 256, 1)
12292646.png (192, 256, 1)
12292647.png (192, 256, 1)
12292648.png (192, 256, 1)
12292649.png (192, 256, 1)
12292650.png (192, 256, 1)
12292651.png (192, 256, 1)
12292652.png (192, 256, 1)
12292653.png (192, 256, 1)
12292654.png (192, 256, 1)
12292655.png (192, 256, 1)
12292656.png (192, 256, 1)
12292657.png (192, 256, 1)
12292658.png (192, 256, 1)
12292659.png (192, 256, 1)
12292660.png (192, 256, 1)
12292661.png (192, 256, 1)
12292662.png (192, 256, 1)
12292663.png (192, 256, 1)
12292664.png (192, 256, 1)
12292665.png (192, 256, 1)
12292666.png (192, 256, 1)
12292667.png (192, 256, 1)
12292668.png (192, 256, 1)
12292669.png (192, 256, 1)
12292670.png (192, 256, 1)
12292671.png (192, 256, 1)
12294848.png (192, 256, 1)
12294849.png (192, 256, 1)
12294850.png (192, 256, 1)
12294851.png (192, 256, 1)
12294852.png (192, 256, 1)
12294853.png (192, 256, 1)
12294854.png (192, 256, 1)
12294855.png (192, 256, 1)
12294856.png (192, 256, 1)
12294857.png (192, 256, 1)
12294858.png (192, 256, 1)
12294859.png (192, 256, 1)
12294860.png (192, 256, 1)
12294861.png (192, 256, 1)
12294862.png (192, 256, 1)
12294863.png (192, 256, 1)
12294864.png (192, 256, 1)
12294865.png (192, 256, 1)
12294866.png (192, 256, 1)
12294867.png (192, 256, 1)
12294868.png (192, 256, 1)
12294869.png (192, 256, 1)
12294870.png (192, 256, 1)
12294871.png (192, 256, 1)
12294872.png (192, 256, 1)
12294873.png (192, 256, 1)
12294874.png (192, 256, 1)
12294875.png (192, 256, 1)
12294876.png (192, 256, 1)
12294877.png (192, 256, 1)
12294878.png (192, 256, 1)
12294879.png (192, 256, 1)
12296448.png (192, 256, 1)
12296449.png (192, 256, 1)
12296450.png (192, 256, 1)
12296451.png (192, 256, 1)
12296452.png (192, 256, 1)
12296453.png (192, 256, 1)
12296454.png (192, 256, 1)
12296455.png (192, 256, 1)
12296456.png (192, 256, 1)
12296457.png (192, 256, 1)
12296458.png (192, 256, 1)
12296459.png (192, 256, 1)
12296460.png (192, 256, 1)
12296461.png (192, 256, 1)
12296462.png (192, 256, 1)
12296463.png (192, 256, 1)
12296464.png (192, 256, 1)
12296465.png (192, 256, 1)
12296466.png (192, 256, 1)
12296467.png (192, 256, 1)
12296468.png (192, 256, 1)
12296469.png (192, 256, 1)
12296470.png (192, 256, 1)
12296471.png (192, 256, 1)
12296472.png (192, 256, 1)
12296473.png (192, 256, 1)
12296474.png (192, 256, 1)
12296475.png (192, 256, 1)
12296476.png (192, 256, 1)
12296477.png (192, 256, 1)
12296478.png (192, 256, 1)
12296479.png (192, 256, 1)
12296736.png (192, 256, 1)
12296737.png (192, 256, 1)
12296738.png (192, 256, 1)
12296739.png (192, 256, 1)
12296740.png (192, 256, 1)
12296741.png (192, 256, 1)
12296742.png (192, 256, 1)
12296743.png (192, 256, 1)
12296744.png (192, 256, 1)
12296745.png (192, 256, 1)
12296746.png (192, 256, 1)
12296747.png (192, 256, 1)
12296748.png (192, 256, 1)
12296749.png (192, 256, 1)
12296750.png (192, 256, 1)
12296751.png (192, 256, 1)
12296752.png (192, 256, 1)
12296753.png (192, 256, 1)
12296754.png (192, 256, 1)
12296755.png (192, 256, 1)
12296756.png (192, 256, 1)
12296757.png (192, 256, 1)
12296758.png (192, 256, 1)
12296759.png (192, 256, 1)
12296760.png (192, 256, 1)
12296761.png (192, 256, 1)
12296762.png (192, 256, 1)
12296763.png (192, 256, 1)
12296764.png (192, 256, 1)
12296765.png (192, 256, 1)
12296766.png (192, 256, 1)
12296767.png (192, 256, 1)
12297088.png (192, 256, 1)
12297089.png (192, 256, 1)
12297090.png (192, 256, 1)
12297091.png (192, 256, 1)
12297092.png (192, 256, 1)
12297093.png (192, 256, 1)
12297094.png (192, 256, 1)
12297095.png (192, 256, 1)
12297096.png (192, 256, 1)
12297097.png (192, 256, 1)
12297098.png (192, 256, 1)
12297099.png (192, 256, 1)
12297100.png (192, 256, 1)
12297101.png (192, 256, 1)
12297102.png (192, 256, 1)
12297103.png (192, 256, 1)
12297104.png (192, 256, 1)
12297105.png (192, 256, 1)
12297106.png (192, 256, 1)
12297107.png (192, 256, 1)
12297108.png (192, 256, 1)
12297109.png (192, 256, 1)
12297110.png (192, 256, 1)
12297111.png (192, 256, 1)
12297112.png (192, 256, 1)
12297113.png (192, 256, 1)
12297114.png (192, 256, 1)
12297115.png (192, 256, 1)
12297116.png (192, 256, 1)
12297117.png (192, 256, 1)
12297118.png (192, 256, 1)
12297119.png (192, 256, 1)
12297376.png (192, 256, 1)
12297377.png (192, 256, 1)
12297378.png (192, 256, 1)
12297379.png (192, 256, 1)
12297380.png (192, 256, 1)
12297381.png (192, 256, 1)
12297382.png (192, 256, 1)
12297383.png (192, 256, 1)
12297384.png (192, 256, 1)
12297385.png (192, 256, 1)
12297386.png (192, 256, 1)
12297387.png (192, 256, 1)
12297388.png (192, 256, 1)
12297389.png (192, 256, 1)
12297390.png (192, 256, 1)
12297391.png (192, 256, 1)
12297392.png (192, 256, 1)
12297393.png (192, 256, 1)
12297394.png (192, 256, 1)
12297395.png (192, 256, 1)
12297396.png (192, 256, 1)
12297397.png (192, 256, 1)
12297398.png (192, 256, 1)
12297399.png (192, 256, 1)
12297400.png (192, 256, 1)
12297401.png (192, 256, 1)
12297402.png (192, 256, 1)
12297403.png (192, 256, 1)
12297404.png (192, 256, 1)
12297405.png (192, 256, 1)
12297406.png (192, 256, 1)
12297407.png (192, 256, 1)
12297792.png (192, 256, 1)
12297793.png (192, 256, 1)
12297794.png (192, 256, 1)
12297795.png (192, 256, 1)
12297796.png (192, 256, 1)
12297797.png (192, 256, 1)
12297798.png (192, 256, 1)
12297799.png (192, 256, 1)
12297800.png (192, 256, 1)
12297801.png (192, 256, 1)
12297802.png (192, 256, 1)
12297803.png (192, 256, 1)
12297804.png (192, 256, 1)
12297805.png (192, 256, 1)
12297806.png (192, 256, 1)
12297807.png (192, 256, 1)
12297808.png (192, 256, 1)
12297809.png (192, 256, 1)
12297810.png (192, 256, 1)
12297811.png (192, 256, 1)
12297812.png (192, 256, 1)
12297813.png (192, 256, 1)
12297814.png (192, 256, 1)
12297815.png (192, 256, 1)
12297816.png (192, 256, 1)
12297817.png (192, 256, 1)
12297818.png (192, 256, 1)
12297819.png (192, 256, 1)
12297820.png (192, 256, 1)
12297821.png (192, 256, 1)
12297822.png (192, 256, 1)
12297823.png (192, 256, 1)
12297952.png (192, 256, 1)
12297953.png (192, 256, 1)
12297954.png (192, 256, 1)
12297955.png (192, 256, 1)
12297956.png (192, 256, 1)
12297957.png (192, 256, 1)
12297958.png (192, 256, 1)
12297959.png (192, 256, 1)
12297960.png (192, 256, 1)
12297961.png (192, 256, 1)
12297962.png (192, 256, 1)
12297963.png (192, 256, 1)
12297964.png (192, 256, 1)
12297965.png (192, 256, 1)
12297966.png (192, 256, 1)
12297967.png (192, 256, 1)
12297968.png (192, 256, 1)
12297969.png (192, 256, 1)
12297970.png (192, 256, 1)
12297971.png (192, 256, 1)
12297972.png (192, 256, 1)
12297973.png (192, 256, 1)
12297974.png (192, 256, 1)
12297975.png (192, 256, 1)
12297976.png (192, 256, 1)
12297977.png (192, 256, 1)
12297978.png (192, 256, 1)
12297979.png (192, 256, 1)
12297980.png (192, 256, 1)
12297981.png (192, 256, 1)
12297982.png (192, 256, 1)
12297983.png (192, 256, 1)
12298528.png (192, 256, 1)
12298529.png (192, 256, 1)
12298530.png (192, 256, 1)
12298531.png (192, 256, 1)
12298532.png (192, 256, 1)
12298533.png (192, 256, 1)
12298534.png (192, 256, 1)
12298535.png (192, 256, 1)
12298536.png (192, 256, 1)
12298537.png (192, 256, 1)
12298538.png (192, 256, 1)
12298539.png (192, 256, 1)
12298540.png (192, 256, 1)
12298541.png (192, 256, 1)
12298542.png (192, 256, 1)
12298543.png (192, 256, 1)
12298544.png (192, 256, 1)
12298545.png (192, 256, 1)
12298546.png (192, 256, 1)
12298547.png (192, 256, 1)
12298548.png (192, 256, 1)
12298549.png (192, 256, 1)
12298550.png (192, 256, 1)
12298551.png (192, 256, 1)
12298552.png (192, 256, 1)
12298553.png (192, 256, 1)
12298554.png (192, 256, 1)
12298555.png (192, 256, 1)
12298556.png (192, 256, 1)
12298557.png (192, 256, 1)
12298558.png (192, 256, 1)
12298559.png (192, 256, 1)
12299488.png (192, 256, 1)
12299489.png (192, 256, 1)
12299490.png (192, 256, 1)
12299491.png (192, 256, 1)
12299492.png (192, 256, 1)
12299493.png (192, 256, 1)
12299494.png (192, 256, 1)
12299495.png (192, 256, 1)
12299496.png (192, 256, 1)
12299497.png (192, 256, 1)
12299498.png (192, 256, 1)
12299499.png (192, 256, 1)
12299500.png (192, 256, 1)
12299501.png (192, 256, 1)
12299502.png (192, 256, 1)
12299503.png (192, 256, 1)
12299504.png (192, 256, 1)
12299505.png (192, 256, 1)
12299506.png (192, 256, 1)
12299507.png (192, 256, 1)
12299508.png (192, 256, 1)
12299509.png (192, 256, 1)
12299510.png (192, 256, 1)
12299511.png (192, 256, 1)
12299512.png (192, 256, 1)
12299513.png (192, 256, 1)
12299514.png (192, 256, 1)
12299515.png (192, 256, 1)
12299516.png (192, 256, 1)
12299517.png (192, 256, 1)
12299518.png (192, 256, 1)
12299519.png (192, 256, 1)
12300032.png (192, 256, 1)
12300033.png (192, 256, 1)
12300034.png (192, 256, 1)
12300035.png (192, 256, 1)
12300036.png (192, 256, 1)
12300037.png (192, 256, 1)
12300038.png (192, 256, 1)
12300039.png (192, 256, 1)
12300040.png (192, 256, 1)
12300041.png (192, 256, 1)
12300042.png (192, 256, 1)
12300043.png (192, 256, 1)
12300044.png (192, 256, 1)
12300045.png (192, 256, 1)
12300046.png (192, 256, 1)
12300047.png (192, 256, 1)
12300048.png (192, 256, 1)
12300049.png (192, 256, 1)
12300050.png (192, 256, 1)
12300051.png (192, 256, 1)
12300052.png (192, 256, 1)
12300053.png (192, 256, 1)
12300054.png (192, 256, 1)
12300055.png (192, 256, 1)
12300056.png (192, 256, 1)
12300057.png (192, 256, 1)
12300058.png (192, 256, 1)
12300059.png (192, 256, 1)
12300060.png (192, 256, 1)
12300061.png (192, 256, 1)
12300062.png (192, 256, 1)
12300063.png (192, 256, 1)
12300192.png (192, 256, 1)
12300193.png (192, 256, 1)
12300194.png (192, 256, 1)
12300195.png (192, 256, 1)
12300196.png (192, 256, 1)
12300197.png (192, 256, 1)
12300198.png (192, 256, 1)
12300199.png (192, 256, 1)
12300200.png (192, 256, 1)
12300201.png (192, 256, 1)
12300202.png (192, 256, 1)
12300203.png (192, 256, 1)
12300204.png (192, 256, 1)
12300205.png (192, 256, 1)
12300206.png (192, 256, 1)
12300207.png (192, 256, 1)
12300208.png (192, 256, 1)
12300209.png (192, 256, 1)
12300210.png (192, 256, 1)
12300211.png (192, 256, 1)
12300212.png (192, 256, 1)
12300213.png (192, 256, 1)
12300214.png (192, 256, 1)
12300215.png (192, 256, 1)
12300216.png (192, 256, 1)
12300217.png (192, 256, 1)
12300218.png (192, 256, 1)
12300219.png (192, 256, 1)
12300220.png (192, 256, 1)
12300221.png (192, 256, 1)
12300222.png (192, 256, 1)
12300223.png (192, 256, 1)
12301632.png (192, 256, 1)
12301633.png (192, 256, 1)
12301634.png (192, 256, 1)
12301635.png (192, 256, 1)
12301636.png (192, 256, 1)
12301637.png (192, 256, 1)
12301638.png (192, 256, 1)
12301639.png (192, 256, 1)
12301640.png (192, 256, 1)
12301641.png (192, 256, 1)
12301642.png (192, 256, 1)
12301643.png (192, 256, 1)
12301644.png (192, 256, 1)
12301645.png (192, 256, 1)
12301646.png (192, 256, 1)
12301647.png (192, 256, 1)
12301648.png (192, 256, 1)
12301649.png (192, 256, 1)
12301650.png (192, 256, 1)
12301651.png (192, 256, 1)
12301652.png (192, 256, 1)
12301653.png (192, 256, 1)
12301654.png (192, 256, 1)
12301655.png (192, 256, 1)
12301656.png (192, 256, 1)
12301657.png (192, 256, 1)
12301658.png (192, 256, 1)
12301659.png (192, 256, 1)
12301660.png (192, 256, 1)
12301661.png (192, 256, 1)
12301662.png (192, 256, 1)
12301663.png (192, 256, 1)
12301792.png (192, 256, 1)
12301793.png (192, 256, 1)
12301794.png (192, 256, 1)
12301795.png (192, 256, 1)
12301796.png (192, 256, 1)
12301797.png (192, 256, 1)
12301798.png (192, 256, 1)
12301799.png (192, 256, 1)
12301800.png (192, 256, 1)
12301801.png (192, 256, 1)
12301802.png (192, 256, 1)
12301803.png (192, 256, 1)
12301804.png (192, 256, 1)
12301805.png (192, 256, 1)
12301806.png (192, 256, 1)
12301807.png (192, 256, 1)
12301808.png (192, 256, 1)
12301809.png (192, 256, 1)
12301810.png (192, 256, 1)
12301811.png (192, 256, 1)
12301812.png (192, 256, 1)
12301813.png (192, 256, 1)
12301814.png (192, 256, 1)
12301815.png (192, 256, 1)
12301816.png (192, 256, 1)
12301817.png (192, 256, 1)
12301818.png (192, 256, 1)
12301819.png (192, 256, 1)
12301820.png (192, 256, 1)
12301821.png (192, 256, 1)
12301822.png (192, 256, 1)
12301823.png (192, 256, 1)
12302112.png (192, 256, 1)
12302113.png (192, 256, 1)
12302114.png (192, 256, 1)
12302115.png (192, 256, 1)
12302116.png (192, 256, 1)
12302117.png (192, 256, 1)
12302118.png (192, 256, 1)
12302119.png (192, 256, 1)
12302120.png (192, 256, 1)
12302121.png (192, 256, 1)
12302122.png (192, 256, 1)
12302123.png (192, 256, 1)
12302124.png (192, 256, 1)
12302125.png (192, 256, 1)
12302126.png (192, 256, 1)
12302127.png (192, 256, 1)
12302128.png (192, 256, 1)
12302129.png (192, 256, 1)
12302130.png (192, 256, 1)
12302131.png (192, 256, 1)
12302132.png (192, 256, 1)
12302133.png (192, 256, 1)
12302134.png (192, 256, 1)
12302135.png (192, 256, 1)
12302136.png (192, 256, 1)
12302137.png (192, 256, 1)
12302138.png (192, 256, 1)
12302139.png (192, 256, 1)
12302140.png (192, 256, 1)
12302141.png (192, 256, 1)
12302142.png (192, 256, 1)
12302143.png (192, 256, 1)
12303968.png (192, 256, 1)
12303969.png (192, 256, 1)
12303970.png (192, 256, 1)
12303971.png (192, 256, 1)
12303972.png (192, 256, 1)
12303973.png (192, 256, 1)
12303974.png (192, 256, 1)
12303975.png (192, 256, 1)
12303976.png (192, 256, 1)
12303977.png (192, 256, 1)
12303978.png (192, 256, 1)
12303979.png (192, 256, 1)
12303980.png (192, 256, 1)
12303981.png (192, 256, 1)
12303982.png (192, 256, 1)
12303983.png (192, 256, 1)
12303985.png (192, 256, 1)
12303986.png (192, 256, 1)
12303987.png (192, 256, 1)
12303988.png (192, 256, 1)
12303989.png (192, 256, 1)
12303990.png (192, 256, 1)
12303991.png (192, 256, 1)
12303992.png (192, 256, 1)
12303993.png (192, 256, 1)
12303994.png (192, 256, 1)
12303995.png (192, 256, 1)
12303996.png (192, 256, 1)
12303997.png (192, 256, 1)
12303998.png (192, 256, 1)
12303999.png (192, 256, 1)
12304736.png (192, 256, 1)
12304737.png (192, 256, 1)
12304738.png (192, 256, 1)
12304739.png (192, 256, 1)
12304740.png (192, 256, 1)
12304741.png (192, 256, 1)
12304742.png (192, 256, 1)
12304743.png (192, 256, 1)
12304744.png (192, 256, 1)
12304745.png (192, 256, 1)
12304746.png (192, 256, 1)
12304747.png (192, 256, 1)
12304748.png (192, 256, 1)
12304749.png (192, 256, 1)
12304750.png (192, 256, 1)
12304751.png (192, 256, 1)
12304752.png (192, 256, 1)
12304753.png (192, 256, 1)
12304754.png (192, 256, 1)
12304755.png (192, 256, 1)
12304756.png (192, 256, 1)
12304757.png (192, 256, 1)
12304758.png (192, 256, 1)
12304759.png (192, 256, 1)
12304760.png (192, 256, 1)
12304761.png (192, 256, 1)
12304762.png (192, 256, 1)
12304763.png (192, 256, 1)
12304764.png (192, 256, 1)
12304765.png (192, 256, 1)
12304766.png (192, 256, 1)
12304767.png (192, 256, 1)
12305408.png (192, 256, 1)
12305409.png (192, 256, 1)
12305410.png (192, 256, 1)
12305411.png (192, 256, 1)
12305412.png (192, 256, 1)
12305413.png (192, 256, 1)
12305414.png (192, 256, 1)
12305415.png (192, 256, 1)
12305416.png (192, 256, 1)
12305417.png (192, 256, 1)
12305418.png (192, 256, 1)
12305419.png (192, 256, 1)
12305420.png (192, 256, 1)
12305421.png (192, 256, 1)
12305422.png (192, 256, 1)
12305423.png (192, 256, 1)
12305424.png (192, 256, 1)
12305425.png (192, 256, 1)
12305426.png (192, 256, 1)
12305427.png (192, 256, 1)
12305428.png (192, 256, 1)
12305429.png (192, 256, 1)
12305430.png (192, 256, 1)
12305431.png (192, 256, 1)
12305432.png (192, 256, 1)
12305433.png (192, 256, 1)
12305434.png (192, 256, 1)
12305435.png (192, 256, 1)
12305436.png (192, 256, 1)
12305437.png (192, 256, 1)
12305438.png (192, 256, 1)
12305439.png (192, 256, 1)
12305696.png (192, 256, 1)
12305697.png (192, 256, 1)
12305698.png (192, 256, 1)
12305699.png (192, 256, 1)
12305700.png (192, 256, 1)
12305701.png (192, 256, 1)
12305702.png (192, 256, 1)
12305703.png (192, 256, 1)
12305704.png (192, 256, 1)
12305705.png (192, 256, 1)
12305706.png (192, 256, 1)
12305707.png (192, 256, 1)
12305708.png (192, 256, 1)
12305709.png (192, 256, 1)
12305710.png (192, 256, 1)
12305711.png (192, 256, 1)
12305712.png (192, 256, 1)
12305713.png (192, 256, 1)
12305714.png (192, 256, 1)
12305715.png (192, 256, 1)
12305716.png (192, 256, 1)
12305717.png (192, 256, 1)
12305718.png (192, 256, 1)
12305719.png (192, 256, 1)
12305720.png (192, 256, 1)
12305721.png (192, 256, 1)
12305722.png (192, 256, 1)
12305723.png (192, 256, 1)
12305724.png (192, 256, 1)
12305725.png (192, 256, 1)
12305726.png (192, 256, 1)
12305727.png (192, 256, 1)
12307264.png (192, 256, 1)
12307265.png (192, 256, 1)
12307266.png (192, 256, 1)
12307267.png (192, 256, 1)
12307268.png (192, 256, 1)
12307269.png (192, 256, 1)
12307270.png (192, 256, 1)
12307271.png (192, 256, 1)
12307272.png (192, 256, 1)
12307273.png (192, 256, 1)
12307274.png (192, 256, 1)
12307275.png (192, 256, 1)
12307276.png (192, 256, 1)
12307277.png (192, 256, 1)
12307278.png (192, 256, 1)
12307279.png (192, 256, 1)
12307280.png (192, 256, 1)
12307281.png (192, 256, 1)
12307282.png (192, 256, 1)
12307283.png (192, 256, 1)
12307284.png (192, 256, 1)
12307285.png (192, 256, 1)
12307286.png (192, 256, 1)
12307287.png (192, 256, 1)
12307288.png (192, 256, 1)
12307289.png (192, 256, 1)
12307290.png (192, 256, 1)
12307291.png (192, 256, 1)
12307292.png (192, 256, 1)
12307293.png (192, 256, 1)
12307294.png (192, 256, 1)
12307295.png (192, 256, 1)
12309504.png (192, 256, 1)
12309505.png (192, 256, 1)
12309506.png (192, 256, 1)
12309507.png (192, 256, 1)
12309508.png (192, 256, 1)
12309509.png (192, 256, 1)
12309510.png (192, 256, 1)
12309511.png (192, 256, 1)
12309512.png (192, 256, 1)
12309513.png (192, 256, 1)
12309514.png (192, 256, 1)
12309515.png (192, 256, 1)
12309516.png (192, 256, 1)
12309517.png (192, 256, 1)
12309518.png (192, 256, 1)
12309519.png (192, 256, 1)
12309520.png (192, 256, 1)
12309521.png (192, 256, 1)
12309522.png (192, 256, 1)
12309523.png (192, 256, 1)
12309524.png (192, 256, 1)
12309525.png (192, 256, 1)
12309526.png (192, 256, 1)
12309527.png (192, 256, 1)
12309528.png (192, 256, 1)
12309529.png (192, 256, 1)
12309530.png (192, 256, 1)
12309531.png (192, 256, 1)
12309532.png (192, 256, 1)
12309533.png (192, 256, 1)
12309534.png (192, 256, 1)
12309535.png (192, 256, 1)
12309920.png (192, 256, 1)
12309921.png (192, 256, 1)
12309922.png (192, 256, 1)
12309923.png (192, 256, 1)
12309924.png (192, 256, 1)
12309925.png (192, 256, 1)
12309926.png (192, 256, 1)
12309927.png (192, 256, 1)
12309928.png (192, 256, 1)
12309929.png (192, 256, 1)
12309930.png (192, 256, 1)
12309931.png (192, 256, 1)
12309932.png (192, 256, 1)
12309933.png (192, 256, 1)
12309934.png (192, 256, 1)
12309935.png (192, 256, 1)
12309936.png (192, 256, 1)
12309937.png (192, 256, 1)
12309938.png (192, 256, 1)
12309939.png (192, 256, 1)
12309940.png (192, 256, 1)
12309941.png (192, 256, 1)
12309942.png (192, 256, 1)
12309943.png (192, 256, 1)
12309944.png (192, 256, 1)
12309945.png (192, 256, 1)
12309946.png (192, 256, 1)
12309947.png (192, 256, 1)
12309948.png (192, 256, 1)
12309949.png (192, 256, 1)
12309950.png (192, 256, 1)
12309951.png (192, 256, 1)
12310720.png (192, 256, 1)
12310721.png (192, 256, 1)
12310722.png (192, 256, 1)
12310723.png (192, 256, 1)
12310724.png (192, 256, 1)
12310725.png (192, 256, 1)
12310726.png (192, 256, 1)
12310727.png (192, 256, 1)
12310728.png (192, 256, 1)
12310729.png (192, 256, 1)
12310730.png (192, 256, 1)
12310731.png (192, 256, 1)
12310732.png (192, 256, 1)
12310733.png (192, 256, 1)
12310734.png (192, 256, 1)
12310735.png (192, 256, 1)
12310736.png (192, 256, 1)
12310737.png (192, 256, 1)
12310738.png (192, 256, 1)
12310739.png (192, 256, 1)
12310740.png (192, 256, 1)
12310741.png (192, 256, 1)
12310742.png (192, 256, 1)
12310743.png (192, 256, 1)
12310744.png (192, 256, 1)
12310745.png (192, 256, 1)
12310746.png (192, 256, 1)
12310747.png (192, 256, 1)
12310748.png (192, 256, 1)
12310749.png (192, 256, 1)
12310750.png (192, 256, 1)
12310751.png (192, 256, 1)
12312320.png (192, 256, 1)
12312321.png (192, 256, 1)
12312322.png (192, 256, 1)
12312323.png (192, 256, 1)
12312324.png (192, 256, 1)
12312325.png (192, 256, 1)
12312326.png (192, 256, 1)
12312327.png (192, 256, 1)
12312328.png (192, 256, 1)
12312329.png (192, 256, 1)
12312330.png (192, 256, 1)
12312331.png (192, 256, 1)
12312332.png (192, 256, 1)
12312333.png (192, 256, 1)
12312334.png (192, 256, 1)
12312335.png (192, 256, 1)
12312336.png (192, 256, 1)
12312337.png (192, 256, 1)
12312338.png (192, 256, 1)
12312339.png (192, 256, 1)
12312340.png (192, 256, 1)
12312341.png (192, 256, 1)
12312342.png (192, 256, 1)
12312343.png (192, 256, 1)
12312344.png (192, 256, 1)
12312345.png (192, 256, 1)
12312346.png (192, 256, 1)
12312347.png (192, 256, 1)
12312348.png (192, 256, 1)
12312349.png (192, 256, 1)
12312350.png (192, 256, 1)
12312351.png (192, 256, 1)
12313504.png (192, 256, 1)
12313505.png (192, 256, 1)
12313506.png (192, 256, 1)
12313507.png (192, 256, 1)
12313508.png (192, 256, 1)
12313509.png (192, 256, 1)
12313510.png (192, 256, 1)
12313511.png (192, 256, 1)
12313512.png (192, 256, 1)
12313513.png (192, 256, 1)
12313514.png (192, 256, 1)
12313515.png (192, 256, 1)
12313516.png (192, 256, 1)
12313517.png (192, 256, 1)
12313518.png (192, 256, 1)
12313519.png (192, 256, 1)
12313520.png (192, 256, 1)
12313521.png (192, 256, 1)
12313522.png (192, 256, 1)
12313523.png (192, 256, 1)
12313524.png (192, 256, 1)
12313525.png (192, 256, 1)
12313526.png (192, 256, 1)
12313527.png (192, 256, 1)
12313528.png (192, 256, 1)
12313529.png (192, 256, 1)
12313530.png (192, 256, 1)
12313531.png (192, 256, 1)
12313532.png (192, 256, 1)
12313533.png (192, 256, 1)
12313534.png (192, 256, 1)
12313535.png (192, 256, 1)
12314656.png (192, 256, 1)
12314657.png (192, 256, 1)
12314658.png (192, 256, 1)
12314659.png (192, 256, 1)
12314660.png (192, 256, 1)
12314661.png (192, 256, 1)
12314662.png (192, 256, 1)
12314663.png (192, 256, 1)
12314664.png (192, 256, 1)
12314665.png (192, 256, 1)
12314666.png (192, 256, 1)
12314667.png (192, 256, 1)
12314668.png (192, 256, 1)
12314669.png (192, 256, 1)
12314670.png (192, 256, 1)
12314671.png (192, 256, 1)
12314672.png (192, 256, 1)
12314673.png (192, 256, 1)
12314674.png (192, 256, 1)
12314675.png (192, 256, 1)
12314676.png (192, 256, 1)
12314677.png (192, 256, 1)
12314678.png (192, 256, 1)
12314679.png (192, 256, 1)
12314680.png (192, 256, 1)
12314681.png (192, 256, 1)
12314682.png (192, 256, 1)
12314683.png (192, 256, 1)
12314684.png (192, 256, 1)
12314685.png (192, 256, 1)
12314686.png (192, 256, 1)
12314687.png (192, 256, 1)
12314976.png (192, 256, 1)
12314977.png (192, 256, 1)
12314978.png (192, 256, 1)
12314979.png (192, 256, 1)
12314980.png (192, 256, 1)
12314981.png (192, 256, 1)
12314982.png (192, 256, 1)
12314983.png (192, 256, 1)
12314984.png (192, 256, 1)
12314985.png (192, 256, 1)
12314986.png (192, 256, 1)
12314987.png (192, 256, 1)
12314988.png (192, 256, 1)
12314989.png (192, 256, 1)
12314990.png (192, 256, 1)
12314991.png (192, 256, 1)
12314992.png (192, 256, 1)
12314993.png (192, 256, 1)
12314994.png (192, 256, 1)
12314995.png (192, 256, 1)
12314996.png (192, 256, 1)
12314997.png (192, 256, 1)
12314998.png (192, 256, 1)
12314999.png (192, 256, 1)
12315000.png (192, 256, 1)
12315001.png (192, 256, 1)
12315002.png (192, 256, 1)
12315003.png (192, 256, 1)
12315004.png (192, 256, 1)
12315005.png (192, 256, 1)
12315006.png (192, 256, 1)
12315007.png (192, 256, 1)
12315328.png (192, 256, 1)
12315329.png (192, 256, 1)
12315330.png (192, 256, 1)
12315331.png (192, 256, 1)
12315332.png (192, 256, 1)
12315333.png (192, 256, 1)
12315334.png (192, 256, 1)
12315335.png (192, 256, 1)
12315336.png (192, 256, 1)
12315337.png (192, 256, 1)
12315338.png (192, 256, 1)
12315339.png (192, 256, 1)
12315340.png (192, 256, 1)
12315341.png (192, 256, 1)
12315342.png (192, 256, 1)
12315343.png (192, 256, 1)
12315344.png (192, 256, 1)
12315345.png (192, 256, 1)
12315346.png (192, 256, 1)
12315347.png (192, 256, 1)
12315348.png (192, 256, 1)
12315349.png (192, 256, 1)
12315350.png (192, 256, 1)
12315351.png (192, 256, 1)
12315352.png (192, 256, 1)
12315353.png (192, 256, 1)
12315354.png (192, 256, 1)
12315355.png (192, 256, 1)
12315356.png (192, 256, 1)
12315357.png (192, 256, 1)
12315358.png (192, 256, 1)
12315359.png (192, 256, 1)
12317472.png (192, 256, 1)
12317473.png (192, 256, 1)
12317474.png (192, 256, 1)
12317475.png (192, 256, 1)
12317476.png (192, 256, 1)
12317477.png (192, 256, 1)
12317478.png (192, 256, 1)
12317479.png (192, 256, 1)
12317480.png (192, 256, 1)
12317481.png (192, 256, 1)
12317482.png (192, 256, 1)
12317483.png (192, 256, 1)
12317484.png (192, 256, 1)
12317485.png (192, 256, 1)
12317486.png (192, 256, 1)
12317487.png (192, 256, 1)
12317488.png (192, 256, 1)
12317489.png (192, 256, 1)
12317490.png (192, 256, 1)
12317491.png (192, 256, 1)
12317492.png (192, 256, 1)
12317493.png (192, 256, 1)
12317494.png (192, 256, 1)
12317495.png (192, 256, 1)
12317496.png (192, 256, 1)
12317497.png (192, 256, 1)
12317498.png (192, 256, 1)
12317499.png (192, 256, 1)
12317500.png (192, 256, 1)
12317501.png (192, 256, 1)
12317502.png (192, 256, 1)
12317503.png (192, 256, 1)
12317952.png (192, 256, 1)
12317953.png (192, 256, 1)
12317954.png (192, 256, 1)
12317955.png (192, 256, 1)
12317956.png (192, 256, 1)
12317957.png (192, 256, 1)
12317958.png (192, 256, 1)
12317959.png (192, 256, 1)
12317960.png (192, 256, 1)
12317961.png (192, 256, 1)
12317962.png (192, 256, 1)
12317963.png (192, 256, 1)
12317964.png (192, 256, 1)
12317965.png (192, 256, 1)
12317966.png (192, 256, 1)
12317967.png (192, 256, 1)
12317968.png (192, 256, 1)
12317969.png (192, 256, 1)
12317970.png (192, 256, 1)
12317971.png (192, 256, 1)
12317972.png (192, 256, 1)
12317973.png (192, 256, 1)
12317974.png (192, 256, 1)
12317975.png (192, 256, 1)
12317976.png (192, 256, 1)
12317977.png (192, 256, 1)
12317978.png (192, 256, 1)
12317979.png (192, 256, 1)
12317980.png (192, 256, 1)
12317981.png (192, 256, 1)
12317982.png (192, 256, 1)
12317983.png (192, 256, 1)
12318432.png (192, 256, 1)
12318433.png (192, 256, 1)
12318434.png (192, 256, 1)
12318435.png (192, 256, 1)
12318436.png (192, 256, 1)
12318437.png (192, 256, 1)
12318438.png (192, 256, 1)
12318439.png (192, 256, 1)
12318440.png (192, 256, 1)
12318441.png (192, 256, 1)
12318442.png (192, 256, 1)
12318443.png (192, 256, 1)
12318444.png (192, 256, 1)
12318445.png (192, 256, 1)
12318446.png (192, 256, 1)
12318447.png (192, 256, 1)
12318448.png (192, 256, 1)
12318449.png (192, 256, 1)
12318450.png (192, 256, 1)
12318451.png (192, 256, 1)
12318452.png (192, 256, 1)
12318453.png (192, 256, 1)
12318454.png (192, 256, 1)
12318455.png (192, 256, 1)
12318456.png (192, 256, 1)
12318457.png (192, 256, 1)
12318458.png (192, 256, 1)
12318459.png (192, 256, 1)
12318460.png (192, 256, 1)
12318461.png (192, 256, 1)
12318462.png (192, 256, 1)
12318463.png (192, 256, 1)
12319008.png (192, 256, 1)
12319009.png (192, 256, 1)
12319010.png (192, 256, 1)
12319011.png (192, 256, 1)
12319012.png (192, 256, 1)
12319013.png (192, 256, 1)
12319014.png (192, 256, 1)
12319015.png (192, 256, 1)
12319016.png (192, 256, 1)
12319017.png (192, 256, 1)
12319018.png (192, 256, 1)
12319019.png (192, 256, 1)
12319020.png (192, 256, 1)
12319021.png (192, 256, 1)
12319022.png (192, 256, 1)
12319023.png (192, 256, 1)
12319024.png (192, 256, 1)
12319025.png (192, 256, 1)
12319026.png (192, 256, 1)
12319027.png (192, 256, 1)
12319028.png (192, 256, 1)
12319029.png (192, 256, 1)
12319030.png (192, 256, 1)
12319031.png (192, 256, 1)
12319032.png (192, 256, 1)
12319033.png (192, 256, 1)
12319034.png (192, 256, 1)
12319035.png (192, 256, 1)
12319036.png (192, 256, 1)
12319037.png (192, 256, 1)
12319038.png (192, 256, 1)
12319039.png (192, 256, 1)
12319648.png (192, 256, 1)
12319649.png (192, 256, 1)
12319650.png (192, 256, 1)
12319651.png (192, 256, 1)
12319652.png (192, 256, 1)
12319653.png (192, 256, 1)
12319654.png (192, 256, 1)
12319655.png (192, 256, 1)
12319656.png (192, 256, 1)
12319657.png (192, 256, 1)
12319658.png (192, 256, 1)
12319659.png (192, 256, 1)
12319660.png (192, 256, 1)
12319661.png (192, 256, 1)
12319662.png (192, 256, 1)
12319663.png (192, 256, 1)
12319664.png (192, 256, 1)
12319665.png (192, 256, 1)
12319666.png (192, 256, 1)
12319667.png (192, 256, 1)
12319668.png (192, 256, 1)
12319669.png (192, 256, 1)
12319670.png (192, 256, 1)
12319671.png (192, 256, 1)
12319672.png (192, 256, 1)
12319673.png (192, 256, 1)
12319674.png (192, 256, 1)
12319675.png (192, 256, 1)
12319676.png (192, 256, 1)
12319677.png (192, 256, 1)
12319678.png (192, 256, 1)
12319679.png (192, 256, 1)
